27151357
332000200
331999935
331999938
326807047
331640104
331640137
331640153
332000079
332000080
332000081
332000082
332000083
332000084
332000085
332000086
332000089
332000090
332000091
332000092
332000093
332000094
332000120
332000121
332000122
332000123
332000130
332000132
332000135
332000136
332000138
332000140
332000149
332000150
332000159
332000163
332000164
332000166
332000167
332000170
332000172
332000174
332000175
332000180
332000183
332000184
332000185
332000189
332000190
332000191
332000192
332000194
332000196
332000199
332000200
332002898
